5158
8188
4618
4328
8068
1404
5588
4538
8828
7458
6168
1794
6978
6159
4338
1694
6498
8798
1344
7218
2004
6338
6468
5678
2081
7908
4858
5788
6928
1714
1674
5358
8298
8368
8997
1993
5718
6298
2990
7028
5268
1264
4888
7208
2468
4288
4114
5048
7098
8528
6868
7608
7698
8308
2678
5548
2938
8888
6228
6988
6188
1234
8358
7828
6718
6238
5058
8218
7788
8778
8143
6568
2051
6778
5378
8468
7078
4898
4398
2101
8818
6968
8558
2983
6648
7378
6748
2498
1963
5508
6628
7638
2878
7668
8698
7988
7738
6788
7598
8658
5688
2240
5321
4768
4838
4608
6608
5538
8208
6488
4368
7718
8538
1953
1804
2310
7108
6438
1983
1784
5628
8917
4144
2868
2638
1334
6708
1952
7778
8318
7848
4498
6918
8048
6398
4998
1526
8258
7748
8678
2848
4468
2180
5648
6668
8668
1294
4938
8118
7578
8808
6178
4658
1684
1474
4558
8278
2011
6318
7658
7488
2898
1434
8738
8588
5038
6698
6368
8348
5258
5328
7558
7518
6658
4228
7688
6878
8078
1365
5168
2417
7068
5418
6858
7548
7178
5558
1724
6998
2768
5658
5238
7358
8018
5738
8878
5708
2190
8428
1354
6758
8198
5138
7798
5828