1244
1245
1246
1247
1248
1249
1250
1251
1252
1253
1254
1255
1256
1257
1258
1259
1260
1261
1262
1263
1304
1305
1306
1307
1308
1309
1310
1311
1312
1313
1314
1315
1316
1317
1318
1319
1320
1321
1322
1323
1324
1325
1326
1327
1328
1329
1330
1331
1332
1333
1384
1385
1386
1387
1388
1389
1390
1391
1392
1393
1394
1396
1397
1398
1399
1401
1402
1403
1414
1415
1416
1417
1418
1419
1420
1421
1422
1423
1424
1425
1426
1427
1428
1429
1430
1431
1432
1433
1525
1544
1545
1546
1547
1548
1549
1550
1551
1552
1554
1555
1556
1557
1558
1559
1560
1561
1562
1563
1604
1605
1606
1607
1608
1609
1610
1611
1612
1613
1624
1625
1626
1627
1628
1629
1630
1631
1632
1633
1644
1645
1646
1647
1648
1649
1650
1651
1652
1653
1654
1655
1656
1657
1658
1659
1660
1661
1662
1663
1774
1775
1776
1777
1778
1779
1780
1781
1782
1783
1814
1815
1816
1817
1818
1819
1820
1821
1822
1823
1824
1825
1826
1827
1828
1829
1830
1831
1832
1833
1834
1835
1836
1837
1838
1839
1840
1841
1843
1844
2021
2022
2023
2024
2025
2026
2027
2028
2029
2030
2061
2062
2063
2064
2065
2066
2067
2068
2069
2070
2091
2092
2093
2094
2095
2096
2097
2098
2099
2100
2111
2112
2113
2114
2115
2116
2117
2118
2119
2171
2172
2173
2174
2175
2176
2177
2178
2179
2200
2201
2202
2203
2204
2205
2206
2207
2208
2209
2220
2221
2222
2223
2224
2225
2226
2227
2228
2229
2230
2231
2232
2233
2234
2235
2236
2237
2238
2239
2260
2261
2262
2263
2264
2265
2266
2267
2268
2269
2290
2291
2292
2293
2294
2295
2296
2297
2298
2299
2303
2305
2306
2309
2357
2358
2359
2360
2361
2362
2363
2364
2365
2366
2387
2388
2389
2390
2391
2392
2394
2395
2396
2407
2408
2409
2410
2411
2412
2413
2414
2415
2416
2427
2428
2429
2430
2431
2432
2433
2434
2435
2436
2437
2438
2439
2440
2441
2442
2443
2444
2445
2446
2447
2448
2449
2450
2451
2452
2453
2454
2455
2456
2457
2488
2489
2490
2491
2492
2493
2494
2495
2496
2497
2558
2559
2560
2561
2562
2563
2564
2565
2566
2567
2568
2569
2570
2571
2572
2573
2574
2575
2576
2577
2588
2589
2590
2591
2592
2593
2594
2595
2596
2597
2598
2599
2600
2601
2602
2603
2604
2605
2606
2607
2608
2609
2610
2611
2612
2613
2614
2615
2616
2617
2618
2619
2620
2621
2622
2623
2624
2625
2626
2627
2628
2629
2630
2631
2632
2633
2634
2635
2636
2637
2668
2669
2670
2671
2672
2673
2674
2675
2676
2677
2698
2699
2700
2701
2702
2703
2704
2705
2706
2707
2828
2829
2830
2831
2832
2833
2834
2835
2836
2837
2838
2839
2840
2841
2842
2843
2844
2845
2846
2847
2908
2909
2910
2911
2912
2913
2928
2929
2930
2931
2932
2933
2934
2935
2936
2937
3004
3005
3006
3007
4134
4135
4136
4137
4138
4139
4140
4141
4142
4143
4168
4169
4170
4171
4172
4173
4174
4175
4176
4177
4178
4179
4180
4181
4182
4183
4184
4185
4186
4187
4198
4199
4200
4201
4202
4203
4204
4205
4206
4207
4208
4209
4210
4211
4212
4213
4214
4215
4216
4217
4218
4219
4220
4221
4222
4223
4224
4225
4226
4227
4238
4239
4240
4241
4242
4243
4244
4245
4246
4247
4258
4259
4260
4261
4262
4263
4264
4265
4266
4267
4268
4269
4270
4271
4272
4273
4274
4275
4276
4277
4278
4279
4280
4281
4282
4283
4284
4285
4286
4287
4308
4309
4310
4311
4312
4313
4314
4315
4316
4317
4318
4319
4320
4321
4322
4323
4324
4325
4326
4327
4348
4349
4350
4351
4352
4353
4354
4355
4356
4357
4358
4359
4360
4361
4362
4363
4364
4365
4366
4367
4378
4379
4380
4381
4382
4383
4384
4385
4386
4387
4388
4389
4390
4391
4392
4393
4394
4395
4396
4397
4428
4429
4430
4431
4432
4433
4434
4435
4436
4437
4464
4465
4466
4467
4478
4479
4480
4481
4482
4483
4484
4485
4486
4487
4488
4489
4490
4491
4492
4493
4494
4495
4496
4497
4508
4509
4510
4511
4512
4513
4514
4515
4568
4569
4570
4571
4572
4573
4574
4575
4576
4577
4588
4589
4590
4591
4592
4593
4594
4595
4596
4597
4598
4599
4600
4601
4602
4603
4604
4605
4606
4607
4628
4629
4630
4631
4632
4633
4634
4635
4636
4637
4638
4639
4640
4641
4642
4643
4644
4645
4646
4647
4760
4767
4848
4849
4850
4851
4852
4853
4854
4855
4856
4857
4885
4886
4887
4928
4929
4930
4931
4932
4933
4934
4935
4936
4937
4958
4959
4960
4961
4962
4963
4964
4965
4966
4967
4968
4969
4970
4971
4972
4973
4974
4975
4976
4977
4978
4979
4980
4981
4982
4983
4984
4985
4986
4987
4988
4989
4990
4991
4992
4993
4994
4995
4996
4997
5028
5029
5030
5031
5032
5033
5034
5035
5036
5037
5068
5069
5070
5071
5072
5073
5074
5075
5076
5077
5078
5079
5080
5081
5082
5083
5084
5085
5086
5087
5088
5089
5090
5091
5092
5093
5094
5095
5096
5097
5098
5099
5100
5101
5102
5103
5104
5105
5106
5107
5108
5109
5110
5111
5112
5113
5114
5115
5116
5117
5128
5129
5130
5131
5132
5133
5134
5135
5136
5137
5178
5179
5180
5181
5182
5183
5184
5185
5186
5187
5188
5189
5190
5191
5192
5193
5194
5195
5196
5197
5228
5229
5230
5231
5232
5233
5234
5235
5236
5237
5248
5249
5250
5251
5252
5253
5254
5255
5256
5257
5298
5338
5339
5340
5341
5342
5343
5344
5345
5346
5347
5398
5399
5400
5401
5402
5403
5404
5405
5406
5407
5428
5429
5430
5431
5432
5433
5434
5435
5436
5437
5448
5449
5450
5451
5452
5453
5454
5455
5456
5457
5468
5469
5470
5471
5472
5473
5474
5475
5476
5477
5488
5489
5490
5491
5492
5493
5494
5495
5496
5497
5498
5499
5500
5501
5502
5503
5504
5505
5506
5507
5618
5619
5620
5621
5622
5623
5624
5625
5626
5627
5698
5699
5700
5701
5702
5703
5704
5705
5706
5707
5758
5759
5760
5761
5762
5763
5764
5765
5766
5767
6208
6209
6210
6211
6212
6213
6214
6215
6216
6217
6258
6259
6260
6261
6262
6263
6264
6265
6266
6267
6268
6269
6270
6271
6272
6273
6274
6275
6276
6277
6288
6289
6290
6291
6292
6293
6294
6295
6296
6297
6308
6309
6310
6311
6312
6313
6314
6315
6316
6317
6348
6349
6350
6351
6352
6353
6354
6355
6356
6357
6388
6389
6390
6391
6392
6393
6394
6395
6396
6397
6408
6409
6410
6411
6412
6413
6414
6415
6416
6417
6418
6419
6420
6421
6422
6423
6424
6425
6426
6427
6428
6429
6430
6431
6432
6433
6434
6435
6436
6437
6448
6449
6450
6451
6452
6453
6454
6455
6456
6457
6458
6459
6460
6461
6462
6463
6464
6465
6466
6467
6528
6529
6530
6531
6532
6533
6534
6535
6536
6537
6538
6539
6540
6541
6542
6543
6544
6545
6546
6547
6558
6559
6560
6561
6562
6563
6564
6565
6566
6567
6578
6579
6580
6581
6582
6583
6584
6585
6586
6587
6588
6589
6590
6591
6592
6593
6594
6595
6596
6597
6598
6599
6600
6601
6602
6603
6604
6605
6606
6607
6688
6689
6690
6691
6692
6693
6694
6695
6696
6697
6768
6769
6770
6771
6772
6773
6774
6775
6776
6777
6798
6799
6800
6801
6802
6803
6804
6805
6806
6807
6808
6809
6810
6811
6812
6813
6814
6815
6816
6817
6838
6839
6840
6841
6842
6843
6844
6845
6846
6847
6898
6899
6900
6901
6902
6903
6904
6905
6906
6907
6908
6909
6910
6911
6912
6913
6914
6915
6916
6917
6948
6949
6950
6951
6952
6953
6954
6955
6956
6957
6958
6959
6960
6961
6962
6963
6964
6965
6966
6967
7008
7009
7010
7011
7012
7013
7014
7015
7016
7017
7038
7039
7040
7041
7042
7043
7044
7045
7046
7047
7088
7089
7090
7091
7092
7093
7094
7095
7096
7097
7138
7139
7140
7141
7142
7143
7144
7145
7146
7147
7148
7149
7150
7151
7152
7153
7154
7155
7156
7157
7158
7159
7160
7161
7162
7163
7164
7165
7166
7167
7168
7169
7170
7171
7172
7173
7174
7175
7176
7177
7188
7189
7190
7191
7192
7193
7194
7195
7196
7197
7198
7199
7200
7201
7202
7203
7204
7205
7206
7207
7228
7229
7230
7231
7232
7233
7234
7235
7236
7237
7248
7249
7250
7251
7252
7253
7254
7255
7256
7257
7258
7259
7260
7261
7262
7263
7264
7265
7266
7267
7288
7289
7290
7291
7292
7293
7294
7295
7296
7297
7298
7299
7300
7301
7302
7303
7304
7305
7306
7307
7308
7309
7310
7311
7312
7313
7314
7315
7316
7317
7348
7349
7350
7351
7352
7353
7354
7355
7356
7357
7368
7369
7370
7371
7372
7373
7374
7375
7376
7377
7398
7399
7400
7401
7402
7403
7404
7405
7406
7407
7428
7429
7430
7431
7432
7433
7434
7435
7436
7437
7438
7439
7440
7441
7442
7443
7444
7445
7446
7447
7448
7449
7450
7451
7452
7453
7454
7455
7456
7457
7528
7529
7530
7531
7532
7533
7534
7535
7536
7537
7588
7589
7590
7591
7592
7593
7594
7595
7596
7597
7648
7649
7650
7651
7652
7653
7654
7655
7656
7657
7678
7679
7680
7681
7682
7683
7684
7685
7686
7687
7728
7729
7730
7731
7732
7733
7734
7735
7736
7737
7758
7759
7760
7761
7762
7763
7764
7765
7766
7767
7768
7769
7770
7771
7772
7773
7774
7775
7776
7777
7838
7839
7840
7841
7842
7843
7844
7845
7846
7847
7858
7859
7860
7861
7862
7863
7864
7865
7866
7867
7868
7869
7870
7871
7872
7873
7874
7875
7876
7877
7898
7899
7900
7901
7902
7903
7904
7905
7906
7907
7918
7919
7920
7921
7922
7923
7924
7925
7926
7927
7928
7929
7930
7931
7932
7933
7934
7935
7936
7937
7938
7939
7940
7941
7942
7943
7944
7945
7946
7947
7948
7949
7950
7951
7952
7953
7954
7955
7956
7957
7978
7979
7980
7981
7982
7983
7984
7985
7986
7987
8008
8009
8010
8011
8012
8013
8014
8015
8016
8017
8028
8029
8030
8031
8032
8033
8034
8035
8036
8037
8098
8099
8100
8101
8102
8103
8104
8105
8106
8107
8108
8109
8110
8111
8112
8113
8114
8115
8116
8117
8128
8129
8130
8131
8132
8133
8134
8135
8136
8137
8168
8169
8170
8171
8172
8173
8174
8175
8176
8177
8178
8179
8180
8181
8182
8183
8184
8185
8186
8187
8238
8239
8240
8241
8242
8243
8244
8245
8246
8247
8248
8249
8250
8251
8252
8253
8254
8255
8256
8257
8359
8360
8361
8362
8363
8364
8365
8366
8367
8378
8379
8380
8381
8382
8383
8384
8385
8386
8387
8438
8439
8440
8441
8442
8443
8444
8445
8446
8447
8448
8449
8450
8451
8452
8453
8454
8455
8456
8457
8478
8479
8480
8481
8482
8483
8484
8485
8486
8487
8488
8489
8490
8491
8492
8493
8494
8495
8496
8497
8518
8519
8520
8521
8522
8523
8524
8525
8526
8527
8548
8549
8550
8551
8552
8553
8554
8555
8556
8557
8578
8579
8580
8581
8582
8583
8584
8585
8586
8587
8598
8599
8600
8601
8602
8603
8604
8605
8606
8607
8638
8639
8640
8641
8642
8643
8644
8645
8646
8647
8648
8649
8650
8651
8652
8653
8654
8655
8656
8657
8688
8689
8690
8691
8692
8693
8694
8695
8696
8697
8708
8709
8710
8711
8712
8713
8714
8715
8716
8717
8728
8729
8730
8731
8732
8733
8734
8735
8736
8737
8748
8749
8750
8751
8752
8753
8754
8755
8756
8757
8848
8849
8850
8851
8852
8853
8854
8855
8856
8857
8858
8859
8860
8861
8862
8863
8864
8865
8866
8867
8898
8899
8900
8901
8902
8903
8904
8905
8906
8907
8927
8928
8929
8930
8931
8932
8933
8934
8935
8936
8937
8938
8939
8940
8941
8942
8943
8944
8945
8946
8957
8958
8959
8960
8961
8962
8963
8964
8965
8966
8967
8968
8969
8970
8971
8972
8973
8974
8975
8976
8987
8988
8989
8990
8991
8992
8993
8994
8995
8996